Reaction test v3
type	A+B+C
number	1000

max value	65536
unit	us

test	A	B	C
0	266	289	311
1	376	399	421
2	401	425	447
3	1011	1035	1057
4	428	454	476
5	288	311	333
6	215	241	261
7	854	878	900
8	937	960	982
9	538	561	583
10	339	366	394
11	148	171	193
12	991	1017	1039
13	266	291	313
14	50	74	96
15	789	815	835
16	820	844	866
17	726	750	772
18	603	627	649
19	625	651	673
20	614	640	660
21	853	878	898
22	468	492	514
23	567	591	613
24	618	644	664
25	918	942	964
26	252	278	300
27	875	899	921
28	602	625	647
29	957	981	1003
30	592	616	638
31	882	906	928
32	583	607	628
33	732	756	778
34	486	510	532
35	80	104	126
36	627	651	673
37	631	655	677
38	693	717	739
39	694	718	740
40	511	536	556
41	10	36	56
42	762	786	808
43	896	922	943
44	618	642	664
45	230	254	276
46	802	826	848
47	260	284	306
48	1017	1041	1063
49	785	809	831
50	489	514	536
51	341	367	388
52	576	602	622
53	271	297	317
54	226	249	271
55	819	842	864
56	140	163	185
57	151	175	197
58	1032	1056	1078
59	329	353	375
60	398	422	444
61	162	188	208
62	307	333	353
63	556	580	602
64	550	574	596
65	738	761	783
66	776	801	823
67	380	403	425
68	388	413	433
69	978	1002	1023
70	1045	7	29
71	462	486	508
72	464	488	509
73	629	653	675
74	53	77	99
75	933	959	979
76	452	477	499
77	992	1015	1037
78	427	450	472
79	119	143	165
80	468	494	514
81	565	589	611
82	134	158	180
83	408	432	453
84	691	717	739
85	939	963	985
86	661	686	706
87	168	191	213
88	866	890	912
89	501	527	549
90	340	364	386
91	653	677	699
92	9	33	55
93	815	839	861
94	909	932	954
95	384	409	429
96	408	433	455
97	78	101	123
98	768	792	814
99	577	602	624
100	11	35	56
101	786	812	832
102	946	969	991
103	398	422	444
104	16	40	62
105	414	440	462
106	856	880	902
107	307	331	353
108	191	216	238
109	483	507	529
110	243	268	288
111	837	861	883
112	836	859	881
113	89	113	134
114	776	801	821
115	113	139	159
116	646	670	691
117	421	445	467
118	799	823	845
119	353	379	399
120	468	493	515
121	618	642	664
122	672	696	718
123	712	735	757
124	533	559	579
125	926	951	973
126	837	861	883
127	739	763	785
128	247	271	293
129	119	143	165
130	594	617	639
131	1044	9	29
132	713	737	759
133	355	379	401
134	749	774	796
135	455	479	501
136	673	697	718
137	239	263	285
138	823	846	868
139	106	130	152
140	843	867	889
141	883	907	928
142	329	355	377
143	442	466	488
144	929	953	975
145	385	409	431
146	412	435	457
147	864	888	909
148	612	636	658
149	297	321	343
150	556	580	602
151	252	276	298
152	691	715	737
153	363	387	408
154	1002	1028	1050
155	264	289	309
156	654	678	699
157	496	520	542
158	868	893	913
159	547	574	596
160	950	973	995
161	843	866	888
162	743	767	789
163	346	373	395
164	363	388	408
165	781	805	827
166	438	462	483
167	762	788	810
168	76	99	121
169	194	218	240
170	768	792	814
171	987	1013	1035
172	644	670	692
173	419	443	464
174	617	640	662
175	192	218	240
176	515	541	562
177	529	555	575
178	69	93	115
179	561	585	607
180	103	128	148
181	348	372	394
182	768	792	814
183	191	215	237
184	421	444	466
185	131	154	176
186	230	254	275
187	742	767	789
188	778	801	823
189	967	990	1012
190	342	366	388
191	766	789	811
192	14	40	60
193	131	155	176
194	195	220	242
195	978	1001	1023
196	95	119	141
197	475	499	521
198	796	820	842
199	624	648	670
200	560	586	606
201	134	162	184
202	974	998	1019
203	93	120	142
204	134	158	180
205	683	707	729
206	200	224	246
207	299	323	345
208	447	471	496
209	684	709	729
210	541	566	590
211	264	287	309
212	488	512	534
213	741	765	791
214	596	620	642
215	761	787	812
216	140	164	189
217	719	743	765
218	623	647	669
219	882	908	930
220	526	552	574
221	838	863	885
222	640	664	686
223	691	717	739
224	166	191	211
225	500	524	546
226	110	135	157
227	723	747	769
228	759	784	806
229	704	730	750
230	925	949	971
231	236	259	281
232	93	116	138
233	708	732	754
234	292	316	338
235	453	477	499
236	880	906	928
237	535	561	583
238	1027	1051	1072
239	485	508	530
240	494	518	540
241	326	351	371
242	955	981	1001
243	916	942	962
244	1015	1041	1063
245	140	163	185
246	755	778	800
247	732	756	778
248	695	721	741
249	894	917	939
250	597	621	643
251	352	377	401
252	142	166	187
253	27	51	73
254	408	434	456
255	264	290	311
256	661	685	707
257	389	413	435
258	607	633	653
259	135	160	180
260	640	664	686
261	176	201	223
262	702	728	748
263	1002	1026	1048
264	728	752	774
265	515	538	560
266	637	663	685
267	207	231	253
268	337	361	383
269	1008	1032	1054
270	238	261	283
271	5	29	51
272	455	479	500
273	900	925	945
274	206	230	252
275	713	737	759
276	937	963	985
277	41	64	86
278	976	1000	1022
279	316	340	362
280	165	188	210
281	170	196	218
282	115	139	161
283	1012	1035	1057
284	665	689	711
285	661	684	706
286	959	984	1006
287	806	829	851
288	533	557	579
289	252	276	298
290	719	743	765
291	600	623	645
292	168	192	213
293	905	929	951
294	504	528	549
295	316	340	362
296	571	595	617
297	396	420	442
298	646	670	692
299	357	381	403
300	996	1020	1042
301	735	758	780
302	955	981	1003
303	223	247	268
304	927	953	975
305	7	31	53
306	398	422	444
307	729	755	775
308	13	38	60
309	227	250	272
310	789	812	834
311	154	182	204
312	468	494	516
313	637	661	683
314	538	561	583
315	445	469	491
316	507	533	555
317	1048	13	34
318	984	1008	1030
319	266	289	311
320	770	794	815
321	933	957	979
322	657	681	703
323	729	753	775
324	512	537	559
325	433	457	478
326	367	391	413
327	489	512	534
328	721	746	766
329	987	1013	1035
330	1016	1042	1063
331	976	1000	1022
332	809	833	855
333	239	263	284
334	393	416	438
335	157	180	202
336	211	235	257
337	243	267	289
338	755	779	801
339	145	169	191
340	642	668	688
341	309	333	355
342	928	951	973
343	840	863	885
344	659	683	705
345	999	1022	1044
346	437	460	482
347	138	163	185
348	477	503	523
349	674	700	722
350	312	338	358
351	890	915	935
352	432	456	478
353	453	476	498
354	1004	1030	1052
355	229	253	275
356	348	372	394
357	1017	1043	1064
358	177	201	223
359	134	158	180
360	961	987	1009
361	277	301	323
362	299	323	345
363	897	921	943
364	1025	1048	1070
365	839	863	884
366	496	520	542
367	254	278	300
368	998	1022	1044
369	835	861	883
370	792	816	838
371	306	330	352
372	618	642	663
373	756	780	802
374	313	338	360
375	73	96	118
376	206	232	253
377	993	1017	1038
378	809	833	855
379	430	454	476
380	805	829	851
381	130	154	176
382	1044	5	27
383	849	873	895
384	177	201	223
385	456	480	502
386	155	179	201
387	548	572	594
388	556	582	602
389	298	323	345
390	1004	1030	1052
391	532	558	578
392	1056	13	33
393	700	724	746
394	39	68	90
395	609	625	647
396	960	985	1005
397	750	773	795
398	783	806	828
399	289	313	335
400	355	381	401
401	873	897	919
402	911	935	956
403	663	689	711
404	968	992	1014
405	618	641	663
406	425	451	473
407	97	121	143
408	660	683	705
409	729	753	774
410	88	113	135
411	254	278	300
412	1021	1046	1066
413	33	58	80
414	723	749	771
415	864	890	910
416	870	895	917
417	370	394	416
418	78	101	123
419	948	972	993
420	322	347	367
421	511	535	557
422	329	353	375
423	401	426	448
424	241	266	288
425	913	938	958
426	946	969	991
427	603	627	648
428	205	231	253
429	279	305	325
430	98	122	144
431	838	861	883
432	702	1764	748
433	763	787	808
434	288	312	334
435	573	596	618
436	652	678	699
437	213	246	268
438	699	723	745
439	595	619	641
440	112	138	159
441	168	191	213
442	239	263	285
443	869	893	915
444	43	66	88
445	594	619	641
446	96	120	142
447	1001	1026	1048
448	890	914	936
449	487	513	535
450	462	486	508
451	388	413	435
452	472	498	520
453	976	1000	1021
454	662	685	707
455	310	334	356
456	720	745	765
457	572	595	617
458	226	250	272
459	931	954	976
460	1002	1026	1048
461	343	367	388
462	122	145	167
463	413	437	459
464	409	433	455
465	95	119	140
466	699	725	746
467	93	117	139
468	433	456	478
469	27	51	73
470	308	332	354
471	685	709	731
472	468	491	513
473	539	565	587
474	738	762	784
475	331	355	377
476	365	391	413
477	995	1021	1041
478	550	574	596
479	202	226	247
480	290	314	336
481	196	219	241
482	206	229	251
483	358	383	403
484	282	306	328
485	738	762	783
486	327	351	373
487	71	94	116
488	877	900	922
489	720	743	765
490	664	688	710
491	159	184	204
492	171	197	219
493	761	784	806
494	863	887	909
495	46	70	92
496	149	173	194
497	813	837	859
498	126	152	174
499	215	239	261
500	551	576	598
501	570	595	617
502	179	203	225
503	946	972	994
504	597	621	643
505	808	832	853
506	624	648	670
507	121	145	167
508	158	182	204
509	759	792	816
510	453	479	499
511	222	248	270
512	359	383	405
513	762	786	808
514	555	578	600
515	312	336	358
516	257	282	302
517	573	599	621
518	331	355	377
519	254	278	300
520	325	351	371
521	9	32	54
522	796	820	842
523	775	799	821
524	136	162	184
525	907	933	953
526	822	846	868
527	1028	1054	1076
528	794	818	840
529	213	237	259
530	1010	1034	1056
531	723	747	769
532	311	334	356
533	119	143	165
534	500	524	546
535	901	927	949
536	527	550	572
537	853	877	898
538	266	290	311
539	903	929	949
540	699	725	746
541	957	981	1003
542	1006	1030	1052
543	840	863	885
544	425	448	470
545	282	306	328
546	465	488	510
547	316	342	364
548	215	240	260
549	652	676	697
550	676	702	724
551	550	576	598
552	543	567	588
553	699	722	744
554	354	377	399
555	226	250	272
556	573	596	618
557	178	201	223
558	364	388	412
559	201	225	247
560	1010	1033	1055
561	226	252	274
562	920	944	966
563	888	912	934
564	515	539	561
565	1052	14	36
566	482	505	527
567	898	922	943
568	451	475	497
569	69	93	115
570	989	1015	1035
571	768	792	814
572	674	700	720
573	663	687	709
574	867	891	913
575	706	730	752
576	864	888	910
577	823	846	868
578	187	211	233
579	665	688	710
580	729	753	774
581	217	240	262
582	55	79	101
583	824	848	870
584	577	602	624
585	1018	1042	1063
586	265	291	313
587	670	694	716
588	584	610	632
589	922	946	968
590	42	70	92
591	550	576	598
592	1008	1032	1054
593	553	578	600
594	834	857	879
595	193	216	238
596	153	177	199
597	995	1019	1041
598	723	746	768
599	781	807	827
600	303	329	349
601	534	559	581
602	607	631	653
603	766	790	812
604	307	332	354
605	716	740	761
606	519	544	566
607	841	865	887
608	134	158	180
609	384	407	429
610	151	175	197
611	93	117	139
612	31	55	77
613	695	718	740
614	620	644	665
615	563	587	609
616	745	769	791
617	515	540	562
618	177	201	223
619	76	100	122
620	277	300	322
621	815	839	861
622	759	783	805
623	746	771	793
624	730	754	776
625	145	169	191
626	507	531	553
627	489	512	534
628	331	355	377
629	83	109	129
630	224	250	271
631	1015	1041	1063
632	453	478	500
633	136	160	181
634	295	319	341
635	191	215	236
636	127	151	173
637	119	143	165
638	402	426	448
639	446	470	491
640	316	342	364
641	166	190	212
642	257	282	304
643	517	541	563
644	267	291	313
645	1012	1038	1058
646	378	404	426
647	384	410	430
648	123	146	168
649	633	657	679
650	515	540	562
651	119	143	165
652	584	608	630
653	470	493	515
654	94	118	140
655	57	83	105
656	758	782	804
657	718	741	763
658	717	741	763
659	337	360	382
660	524	548	569
661	185	209	231
662	314	338	360
663	798	826	848
664	893	921	943
665	1004	1028	1050
666	170	197	219
667	451	474	496
668	558	582	604
669	117	143	165
670	239	264	286
671	282	306	328
672	204	227	253
673	138	162	183
674	71	96	118
675	410	435	457
676	622	646	668
677	905	928	950
678	498	522	544
679	209	233	255
680	385	409	431
681	18	41	63
682	458	484	504
683	101	125	146
684	1018	1042	1063
685	414	439	459
686	1032	1056	1078
687	984	1008	1029
688	674	698	720
689	815	839	861
690	712	735	757
691	678	703	723
692	845	871	893
693	387	411	433
694	410	433	455
695	610	634	656
696	869	893	915
697	374	398	420
698	295	319	341
699	523	548	568
700	502	526	548
701	620	644	666
702	727	753	773
703	363	389	411
704	127	151	176
705	243	266	288
706	85	109	131
707	266	289	311
708	286	312	334
709	595	619	641
710	252	280	302
711	692	717	739
712	993	1019	1041
713	725	749	771
714	350	373	395
715	1021	1046	1068
716	629	653	675
717	427	451	473
718	356	380	402
719	63	87	109
720	353	377	399
721	73	97	118
722	228	252	279
723	948	975	999
724	286	311	331
725	617	640	662
726	1024	1050	1072
727	281	304	326
728	202	226	248
729	941	965	987
730	140	164	186
731	204	227	249
732	16	46	69
733	282	306	328
734	289	313	335
735	412	437	459
736	7	31	52
737	65	91	112
738	328	353	375
739	522	546	568
740	12	36	58
741	173	197	219
742	1021	1047	1069
743	570	593	615
744	856	879	901
745	251	275	297
746	667	692	712
747	18	42	64
748	275	301	322
749	351	377	397
750	534	558	579
751	271	295	316
752	387	411	433
753	3	27	48
754	878	902	924
755	1008	1031	1053
756	314	338	359
757	86	111	133
758	772	798	820
759	27	51	73
760	9	35	57
761	57	81	103
762	867	891	913
763	811	835	857
764	770	796	816
765	459	484	506
766	337	360	382
767	98	124	146
768	746	769	791
769	336	360	382
770	764	788	810
771	1004	1028	1050
772	583	606	628
773	110	133	155
774	892	916	938
775	753	778	800
776	279	303	325
777	918	944	964
778	35	59	81
779	534	558	579
780	982	1006	1028
781	406	430	451
782	327	353	374
783	500	524	545
784	498	522	544
785	892	918	940
786	789	812	834
787	346	372	394
788	920	944	966
789	269	293	315
790	26	50	72
791	479	503	525
792	357	383	405
793	421	446	468
794	745	769	791
795	793	817	838
796	594	620	641
797	403	427	448
798	637	660	682
799	55	79	101
800	200	224	246
801	159	183	205
802	55	83	104
803	882	906	928
804	416	439	461
805	717	743	765
806	1006	1032	1054
807	21	47	69
808	336	362	382
809	617	640	662
810	650	673	695
811	583	608	628
812	713	739	759
813	881	904	926
814	80	104	126
815	162	186	208
816	1008	1032	1054
817	209	235	255
818	920	943	965
819	894	918	940
820	46	72	94
821	140	164	186
822	995	1019	1040
823	397	421	442
824	749	773	794
825	153	177	199
826	785	809	830
827	601	625	647
828	369	394	416
829	911	936	958
830	453	477	499
831	1004	1028	1049
832	526	552	572
833	350	374	396
834	127	152	172
835	1004	1030	1052
836	509	533	555
837	732	758	778
838	33	57	79
839	87	111	133
840	382	406	427
841	1008	1034	1056
842	474	497	519
843	309	335	355
844	955	981	1003
845	265	289	311
846	151	175	197
847	591	615	637
848	211	235	256
849	397	421	443
850	665	690	710
851	226	249	271
852	444	468	489
853	383	409	431
854	1039	1065	9
855	881	904	926
856	917	942	964
857	771	795	817
858	526	550	572
859	446	469	491
860	430	454	476
861	144	168	190
862	369	394	416
863	805	829	851
864	756	782	804
865	432	456	478
866	140	164	186
867	345	368	390
868	875	901	922
869	367	391	413
870	202	226	248
871	52	75	97
872	1002	1026	1048
873	464	490	512
874	331	355	376
875	845	870	892
876	423	447	469
877	525	548	570
878	157	180	202
879	794	820	840
880	153	179	201
881	888	912	934
882	361	387	409
883	350	374	395
884	751	777	799
885	909	934	954
886	647	670	692
887	961	989	1011
888	444	468	490
889	969	992	1014
890	882	906	928
891	905	930	950
892	26	49	71
893	18	44	66
894	166	190	212
895	509	533	555
896	65	88	110
897	1044	7	27
898	802	826	848
899	268	293	315
900	1046	10	32
901	785	811	833
902	1008	1031	1053
903	1034	1058	5
904	446	469	491
905	46	70	92
906	270	295	317
907	712	738	758
908	185	209	230
909	541	565	587
910	571	595	617
911	87	111	133
912	48	72	93
913	261	285	307
914	119	143	164
915	725	749	771
916	314	338	360
917	786	810	832
918	367	393	413
919	272	295	317
920	265	293	315
921	871	895	917
922	824	848	870
923	629	653	675
924	110	136	156
925	723	747	769
926	365	391	411
927	44	68	90
928	352	375	397
929	863	887	909
930	219	242	264
931	469	493	515
932	188	214	236
933	354	378	400
934	125	149	171
935	65	91	113
936	922	946	968
937	425	449	471
938	533	557	579
939	586	610	632
940	216	240	262
941	401	426	448
942	402	426	448
943	907	932	954
944	941	964	986
945	785	809	831
946	978	1003	1023
947	194	220	242
948	132	156	178
949	354	377	399
950	417	441	463
951	778	803	825
952	436	459	481
953	24	49	69
954	691	720	744
955	824	848	870
956	532	556	578
957	564	588	609
958	185	209	231
959	424	448	470
960	1001	1024	1046
961	247	271	293
962	498	524	546
963	965	990	1010
964	1029	1052	1074
965	836	861	881
966	618	644	666
967	690	713	735
968	526	550	572
969	228	252	274
970	518	542	564
971	282	306	328
972	4	30	52
973	618	642	664
974	532	557	579
975	735	760	782
976	758	782	804
977	762	786	808
978	759	783	805
979	839	865	885
980	1021	1045	1067
981	27	51	73
982	700	724	746
983	198	222	244
984	196	222	244
985	142	168	188
986	742	765	787
987	100	126	146
988	541	565	587
989	428	452	474
990	873	897	919
991	1006	1031	1053
992	523	547	568
993	659	683	705
994	808	832	853
995	848	872	894
996	918	944	964
997	710	734	756
998	1024	1048	1070
999	541	565	586

