Reaction test v3
type	A+B+C
number	1000

max value	65536
unit	us

test	A	B	C
0	125	156	184
1	386	413	441
2	453	480	508
3	78	106	133
4	535	564	592
5	457	485	512
6	101	128	158
7	163	190	218
8	277	306	334
9	31	60	88
10	204	231	259
11	983	1013	1040
12	215	242	270
13	593	621	648
14	520	550	577
15	723	751	778
16	473	501	530
17	162	190	217
18	209	236	264
19	931	959	988
20	620	648	677
21	327	357	384
22	551	580	608
23	147	177	204
24	970	1000	1027
25	123	151	178
26	767	796	827
27	120	149	177
28	852	872	894
29	76	98	118
30	170	192	214
31	953	975	997
32	138	166	193
33	431	458	486
34	944	973	1001
35	411	439	466
36	1030	1058	1087
37	860	890	917
38	573	596	618
39	63	85	107
40	121	148	176
41	639	668	695
42	116	138	160
43	545	574	601
44	658	679	701
45	494	514	536
46	1030	1052	11
47	186	208	230
48	607	636	664
49	466	489	509
50	102	132	159
51	267	295	322
52	756	778	798
53	757	784	814
54	311	334	356
55	282	311	339
56	826	854	881
57	802	822	844
58	279	308	336
59	821	843	864
60	650	679	707
61	403	425	447
62	897	924	952
63	1039	7	35
64	704	733	761
65	389	417	444
66	946	975	1003
67	871	901	928
68	353	383	410
69	557	584	612
70	265	293	322
71	510	537	566
72	524	552	579
73	869	896	924
74	635	664	692
75	941	970	998
76	207	229	251
77	431	458	486
78	607	635	664
79	376	404	431
80	114	136	158
81	916	944	971
82	153	180	208
83	120	149	176
84	90	113	135
85	332	361	388
86	339	370	397
87	573	600	630
88	460	488	515
89	230	260	287
90	187	214	243
91	365	392	420
92	106	136	163
93	72	102	129
94	676	705	733
95	155	177	198
96	800	828	857
97	580	610	637
98	477	507	534
99	963	991	1018
100	506	528	550
101	166	193	221
102	810	839	867
103	378	405	435
104	471	501	528
105	1002	1030	1057
106	508	535	564
107	952	980	1009
108	833	855	877
109	76	106	133
110	160	188	215
111	704	739	769
112	603	625	647
113	991	1013	1035
114	321	343	365
115	73	100	128
116	76	105	133
117	1030	1059	12
118	639	667	696
119	575	596	618
120	456	484	511
121	161	190	218
122	80	108	135
123	991	1020	1048
124	524	552	579
125	655	683	712
126	667	694	722
127	481	503	523
128	912	936	958
129	984	1013	1041
130	908	930	952
131	57	85	112
132	823	850	878
133	729	756	784
134	455	484	512
135	365	395	422
136	174	201	229
137	11	40	68
138	292	319	347
139	691	711	733
140	459	486	514
141	586	621	652
142	146	175	203
143	550	580	609
144	192	212	234
145	560	587	616
146	961	983	1005
147	1009	1033	1055
148	83	111	138
149	327	355	382
150	836	858	880
151	582	617	644
152	670	698	727
153	980	1015	1045
154	653	683	710
155	125	160	189
156	1033	1063	14
157	327	366	393
158	88	108	129
159	142	171	199
160	123	152	179
161	803	833	860
162	816	853	883
163	1040	1069	5
164	626	653	681
165	548	578	605
166	986	1015	1043
167	718	740	762
168	931	958	999
169	714	741	769
170	1037	1067	11
171	819	848	891
172	552	580	607
173	599	629	656
174	590	614	636
175	648	675	716
176	1035	1064	1092
177	215	237	259
178	856	884	911
179	695	725	1791
180	646	674	701
181	824	853	881
182	839	869	896
183	699	728	756
184	965	987	1008
185	901	928	958
186	255	284	311
187	16	43	71
188	314	343	371
189	610	638	665
190	157	185	212
191	333	360	388
192	727	756	784
193	1053	12	39
194	3	32	60
195	423	452	480
196	342	371	399
197	898	927	954
198	582	610	639
199	648	675	703
200	826	855	883
201	643	672	700
202	985	1013	1040
203	1028	1058	1085
204	100	129	157
205	100	128	157
206	481	509	536
207	1028	1058	1085
208	757	786	814
209	1015	1044	1072
210	785	812	840
211	995	1024	1052
212	252	280	307
213	674	701	729
214	716	743	771
215	935	963	992
216	294	323	350
217	125	152	182
218	912	940	967
219	689	718	746
220	768	788	810
221	922	953	982
222	506	533	561
223	946	966	988
224	753	782	810
225	494	516	538
226	353	383	410
227	230	257	285
228	171	199	226
229	31	58	86
230	672	700	729
231	346	374	401
232	372	402	429
233	697	717	739
234	139	161	183
235	48	75	105
236	571	598	626
237	205	233	260
238	1052	13	40
239	180	209	236
240	321	351	378
241	400	428	455
242	346	376	403
243	449	477	504
244	28	55	83
245	888	915	943
246	545	572	602
247	351	379	406
248	653	681	708
249	46	73	103
250	85	118	148
251	97	125	152
252	389	416	444
253	955	979	1001
254	909	937	966
255	431	460	488
256	397	419	441
257	783	807	828
258	108	135	163
259	897	926	954
260	779	807	834
261	99	126	154
262	11	38	68
263	237	265	292
264	869	896	924
265	33	62	89
266	706	736	763
267	875	898	920
268	126	154	183
269	809	839	866
270	14	42	71
271	824	852	879
272	706	733	763
273	421	450	478
274	929	956	984
275	399	428	456
276	399	428	456
277	948	975	1003
278	683	705	727
279	1014	1042	1071
280	753	781	808
281	586	614	643
282	833	861	888
283	371	400	427
284	978	1008	1035
285	266	295	323
286	239	267	294
287	217	245	274
288	1001	1028	1056
289	727	754	783
290	67	96	124
291	890	917	945
292	106	135	163
293	789	810	832
294	554	576	598
295	511	539	566
296	843	871	898
297	875	897	917
298	884	913	941
299	419	447	474
300	16	47	78
301	301	330	358
302	995	1022	1051
303	624	651	681
304	48	76	103
305	252	274	296
306	513	540	570
307	52	79	107
308	845	874	901
309	716	743	773
310	46	74	103
311	845	874	902
312	605	633	660
313	896	923	951
314	560	588	615
315	1027	1056	1083
316	177	207	234
317	378	405	434
318	41	68	96
319	569	598	626
320	213	241	268
321	44	71	99
322	801	829	858
323	286	313	343
324	340	368	395
325	1034	1063	5
326	929	958	986
327	760	788	817
328	485	512	540
329	736	763	791
330	1035	1063	4
331	338	366	393
332	971	1000	1028
333	817	846	874
334	252	279	307
335	146	173	201
336	462	490	517
337	329	351	373
338	62	89	117
339	153	181	208
340	1029	1056	1084
341	144	172	199
342	290	312	334
343	956	985	1012
344	425	455	482
345	978	1007	1035
346	129	156	184
347	453	482	510
348	442	470	499
349	252	280	307
350	162	190	217
351	704	731	761
352	954	976	998
353	751	780	808
354	941	968	996
355	800	827	856
356	232	261	288
357	478	507	535
358	515	542	570
359	682	703	725
360	819	848	876
361	356	383	411
362	53	83	110
363	178	207	234
364	568	595	623
365	887	916	943
366	103	130	160
367	624	651	679
368	295	323	352
369	933	961	988
370	327	357	384
371	200	229	257
372	1003	1032	1060
373	1036	1058	1078
374	1000	1030	1057
375	892	920	947
376	907	934	962
377	744	773	801
378	401	428	456
379	492	520	549
380	255	284	311
381	172	199	227
382	499	527	556
383	188	216	243
384	78	108	135
385	693	721	750
386	132	154	174
387	376	403	433
388	841	870	898
389	455	484	511
390	442	470	497
391	72	96	118
392	736	764	791
393	312	339	369
394	699	728	750
395	239	267	294
396	1005	1027	1048
397	14	42	69
398	1013	1043	1070
399	295	325	352
400	484	512	539
401	125	154	182
402	76	104	131
403	807	835	862
404	112	141	169
405	295	323	350
406	305	327	349
407	892	921	949
408	1048	1070	5
409	449	479	506
410	423	450	480
411	440	468	497
412	698	726	753
413	967	996	1024
414	804	828	850
415	417	439	459
416	46	68	90
417	670	700	727
418	686	713	741
419	922	944	966
420	879	906	935
421	888	916	945
422	18	48	75
423	648	677	705
424	262	291	319
425	739	767	794
426	493	520	548
427	820	849	877
428	428	456	483
429	530	550	571
430	373	400	428
431	530	558	585
432	594	622	649
433	282	310	337
434	573	602	630
435	568	597	624
436	748	775	805
437	275	305	332
438	337	366	394
439	157	184	212
440	511	538	566
441	190	218	247
442	766	797	825
443	901	928	956
444	125	153	180
445	53	83	110
446	806	835	863
447	498	526	553
448	907	935	964
449	682	710	737
450	11	38	66
451	268	295	323
452	223	250	278
453	121	151	178
454	820	848	875
455	899	927	954
456	474	503	530
457	125	153	182
458	1037	1064	8
459	258	287	315
460	335	362	390
461	135	162	190
462	540	569	596
463	731	758	786
464	278	306	333
465	413	443	470
466	48	78	105
467	509	538	566
468	631	658	686
469	277	305	332
470	305	334	362
471	740	768	795
472	125	153	180
473	896	923	952
474	416	445	473
475	695	722	750
476	491	518	546
477	819	841	862
478	742	769	797
479	539	567	594
480	348	377	405
481	1006	1035	1063
482	674	704	731
483	985	1013	1042
484	713	741	768
485	661	689	716
486	513	540	570
487	886	914	941
488	732	754	776
489	519	546	574
490	810	830	851
491	937	965	992
492	282	310	337
493	959	987	1014
494	70	98	125
495	485	509	531
496	256	285	313
497	758	788	815
498	275	304	332
499	458	480	502
500	676	709	739
501	292	321	351
502	558	586	613
503	545	572	600
504	213	240	268
505	908	936	963
506	746	773	801
507	657	687	714
508	558	585	613
509	421	449	476
510	725	752	780
511	1033	1063	7
512	451	480	508
513	841	869	896
514	1050	14	42
515	461	482	504
516	43	65	86
517	125	147	167
518	524	551	581
519	61	89	116
520	1014	1041	1069
521	942	972	999
522	547	576	604
523	16	45	73
524	546	574	601
525	292	322	349
526	440	467	495
527	153	181	208
528	183	211	240
529	102	129	157
530	723	750	778
531	509	536	564
532	573	600	628
533	820	848	875
534	11	38	66
535	983	1011	1040
536	262	286	307
537	622	651	679
538	818	846	873
539	318	345	373
540	328	350	371
541	743	771	798
542	614	642	669
543	187	216	243
544	944	972	999
545	1039	1067	10
546	105	132	160
547	875	903	930
548	818	846	873
549	305	327	348
550	757	785	812
551	988	1015	1043
552	333	362	390
553	356	383	417
554	590	618	645
555	367	396	424
556	85	114	142
557	112	139	167
558	329	359	386
559	571	598	626
560	263	291	318
561	1016	1043	1071
562	706	735	763
563	808	835	863
564	35	63	90
565	903	933	962
566	267	295	322
567	395	424	452
568	854	882	909
569	131	158	186
570	1044	5	27
571	438	467	495
572	603	631	658
573	730	759	787
574	614	641	669
575	1020	1042	1063
576	509	537	564
577	455	477	497
578	679	707	736
579	312	340	367
580	792	820	847
581	560	588	615
582	661	688	716
583	112	139	169
584	551	578	606
585	464	491	521
586	608	636	663
587	107	134	162
588	35	62	92
589	183	210	238
590	824	852	879
591	566	593	621
592	357	384	419
593	1000	1022	1044
594	682	711	739
595	914	942	971
596	343	370	398
597	592	619	648
598	449	477	504
599	192	222	249
600	196	223	254
601	734	761	789
602	358	382	403
603	522	550	577
604	961	989	1016
605	176	197	219
606	465	492	520
607	577	599	620
608	110	138	165
609	132	160	180
610	232	261	289
611	838	873	900
612	691	720	748
613	696	726	753
614	414	441	469
615	421	443	465
616	648	675	703
617	211	238	266
618	652	680	707
619	81	118	146
620	144	179	208
621	989	1028	1055
622	485	512	540
623	789	817	844
624	650	677	705
625	681	709	736
626	1580	565	587
627	580	608	635
628	588	615	643
629	625	653	680
630	740	767	795
631	684	704	725
632	555	582	640
633	673	702	729
634	756	784	823
635	155	183	210
636	691	719	746
637	189	217	246
638	965	992	1021
639	511	541	568
640	66	94	123
641	783	810	838
642	560	588	615
643	136	166	193
644	995	1022	1050
645	867	897	924
646	623	651	678
647	394	422	449
648	577	1644	636
649	804	831	859
650	221	250	278
651	753	780	808
652	907	936	963
653	70	98	127
654	678	707	735
655	326	353	383
656	780	807	835
657	241	270	298
658	586	614	643
659	958	985	1013
660	254	281	309
661	341	368	398
662	845	874	901
663	333	360	388
664	226	254	281
665	566	589	611
666	67	96	124
667	670	694	714
668	194	221	251
669	650	672	694
670	487	509	530
671	222	250	277
672	198	227	255
673	1023	1050	1078
674	848	876	905
675	910	938	965
676	835	857	879
677	453	480	508
678	790	819	847
679	161	188	216
680	408	428	449
681	950	977	1005
682	680	707	737
683	80	108	135
684	196	226	253
685	113	141	170
686	577	599	621
687	442	471	499
688	339	368	396
689	543	565	585
690	479	499	521
691	727	754	782
692	53	81	108
693	613	635	656
694	67	94	122
695	666	688	710
696	219	241	261
697	97	124	152
698	869	897	924
699	106	133	161
700	867	894	922
701	366	394	421
702	321	349	376
703	925	949	971
704	732	761	789
705	798	825	853
706	369	397	424
707	533	565	596
708	744	771	799
709	599	621	643
710	637	666	693
711	719	741	763
712	1037	1065	10
713	210	232	252
714	224	252	279
715	308	338	365
716	189	218	246
717	380	408	435
718	577	605	634
719	912	939	967
720	80	108	135
721	114	143	171
722	967	994	1022
723	911	938	966
724	772	799	829
725	498	525	553
726	61	91	118
727	618	646	673
728	402	429	457
729	350	377	405
730	1003	1032	1060
731	204	231	261
732	1005	1034	1061
733	618	646	673
734	751	779	806
735	271	299	328
736	835	865	892
737	538	567	594
738	596	625	653
739	431	458	486
740	181	210	238
741	704	732	759
742	228	257	285
743	315	344	371
744	678	706	733
745	395	422	450
746	924	952	979
747	338	366	393
748	554	576	596
749	348	376	403
750	847	877	904
751	946	974	1001
752	269	289	311
753	406	433	461
754	343	370	398
755	112	139	167
756	550	578	605
757	833	861	888
758	719	747	774
759	802	830	857
760	620	648	677
761	1015	1037	1059
762	674	702	729
763	892	919	947
764	312	339	367
765	504	531	559
766	644	674	701
767	661	689	716
768	53	81	108
769	700	728	757
770	140	167	195
771	405	434	462
772	457	488	516
773	833	863	890
774	350	377	405
775	245	274	301
776	1048	1076	14
777	213	241	268
778	1016	1045	1073
779	410	440	467
780	265	293	320
781	939	966	994
782	676	703	731
783	918	946	973
784	618	646	673
785	18	46	73
786	613	640	670
787	457	484	513
788	428	456	485
789	685	713	740
790	937	957	979
791	24	51	79
792	271	299	326
793	359	383	405
794	1047	7	37
795	636	666	693
796	513	540	568
797	912	940	967
798	87	115	142
799	358	387	414
800	627	655	682
801	102	132	159
802	75	102	130
803	447	476	504
804	866	893	921
805	674	702	729
806	253	280	308
807	249	277	304
808	491	513	533
809	541	572	600
810	220	248	275
811	644	674	701
812	301	329	356
813	372	400	427
814	798	825	853
815	163	190	218
816	703	732	759
817	324	353	380
818	284	314	341
819	367	396	423
820	293	323	350
821	989	1016	1044
822	1014	1043	1071
823	574	596	618
824	254	282	309
825	695	716	738
826	918	945	973
827	714	741	769
828	674	694	716
829	1010	1038	1065
830	280	308	335
831	369	397	424
832	892	919	947
833	847	874	902
834	257	284	312
835	981	1009	1036
836	728	756	783
837	363	392	419
838	415	444	472
839	133	160	188
840	804	828	850
841	955	985	1012
842	150	172	193
843	864	892	919
844	718	747	775
845	211	239	266
846	836	865	893
847	746	773	801
848	513	540	568
849	798	825	853
850	463	490	519
851	258	285	315
852	206	233	263
853	408	435	463
854	926	953	982
855	972	1000	1027
856	447	475	502
857	344	366	386
858	728	756	783
859	601	629	656
860	547	578	606
861	295	323	350
862	965	992	1020
863	918	947	975
864	57	79	101
865	445	474	504
866	543	571	598
867	271	293	313
868	121	148	178
869	785	812	840
870	742	769	797
871	793	815	836
872	938	968	995
873	700	722	742
874	828	856	883
875	346	373	401
876	269	297	324
877	631	659	686
878	1006	1034	1061
879	745	773	800
880	365	387	409
881	573	601	628
882	828	857	885
883	873	900	928
884	68	96	123
885	998	1026	1053
886	204	233	261
887	997	1022	1044
888	914	942	969
889	20	47	77
890	899	929	956
891	860	891	913
892	736	764	791
893	590	618	645
894	543	574	601
895	604	632	659
896	131	158	186
897	423	451	480
898	399	428	456
899	342	372	399
900	826	853	883
901	152	179	207
902	196	225	253
903	269	293	313
904	1004	1026	1048
905	979	1001	1023
906	1008	1036	1063
907	860	887	917
908	635	655	677
909	789	818	846
910	472	501	532
911	768	795	823
912	945	972	1000
913	435	464	492
914	187	208	230
915	220	248	275
916	595	623	650
917	773	803	830
918	114	143	171
919	769	799	826
920	405	434	462
921	1035	1063	8
922	147	175	204
923	44	66	88
924	38	68	95
925	780	802	823
926	1010	1037	1066
927	1038	1065	1093
928	87	116	144
929	157	181	201
930	944	966	988
931	612	640	667
932	937	964	994
933	249	276	305
934	1006	1034	1061
935	444	471	499
936	597	625	652
937	484	512	539
938	553	582	610
939	828	848	870
940	463	490	518
941	706	733	761
942	685	713	740
943	372	400	427
944	916	944	973
945	832	861	889
946	637	665	692
947	447	475	504
948	620	650	677
949	731	758	786
950	572	599	627
951	828	856	883
952	412	439	467
953	157	179	201
954	16	44	71
955	815	843	872
956	570	599	627
957	868	897	924
958	844	866	888
959	600	622	643
960	1047	9	37
961	166	188	208
962	655	683	710
963	756	778	800
964	59	81	101
965	715	743	770
966	421	450	478
967	755	782	810
968	963	990	1018
969	284	311	339
970	935	964	992
971	704	735	763
972	198	226	255
973	847	874	903
974	620	647	675
975	7	36	64
976	15	44	71
977	1031	1058	1087
978	176	203	231
979	157	184	212
980	275	304	332
981	341	370	398
982	654	681	709
983	918	946	973
984	924	951	979
985	57	89	118
986	101	128	156
987	519	546	574
988	781	808	836
989	247	275	302
990	235	263	290
991	369	398	425
992	22	49	77
993	369	398	426
994	668	696	725
995	562	590	617
996	1010	1039	1066
997	462	490	519
998	981	1011	1038
999	695	719	741

